0.0178,1.2119,0.1
0.004,2.319,0.1
0.0176,0.7419,0.1
0.0152,1.22,0.1
0.0134,1.1928,0.1
0.0023,14.2337,0.1
0.0135,57.7846,0.1
0.0196,1.2048,0.1
0.0133,2.2935,0.1
0.0024,14.1782,0.1
0.004,9.1009,0.2
0.0122,14.1958,0.2
0.0024,25.4428,0.2
0.0136,2.8315,0.2
0.0025,14.2346,0.2
0.0139,6.3467,0.2
0.0138,3.5961,0.2
0.0022,234.6371,0.2
0.0126,57.6008,0.2
0.003,14.169,0.2
0.0018,5.5073,0.3
0.0027,57.5079,0.3
0.0024,5.1424,0.3
0.0138,21.8019,0.3
0.0153,6.3224,0.3
0.0013,7.9898,0.3
0.0126,8.0079,0.3
0.0028,7.9945,0.3
0.0025,536.6488,0.3
0.0189,32.3563,0.3
0.0146,14.2008,0.4
0.0015,57.8388,0.4
0.0021,11.4308,0.4
0.0085,236.1698,0.4
0.0066,57.9637,0.4
0.0156,956.3867,0.4
0.0129,9.0839,0.4
0.0013,11.1678,0.4
0.0027,58.365,0.4
0.0161,11.2191,0.4
0.0148,370.8319,0.5
0.0176,14.3884,0.5
0.0129,161.8223,0.5
0.0164,90.5888,0.5
0.0189,14.3653,0.5
0.0161,14.1348,0.5
0.0052,14.1392,0.5
0.2289,29.4382,0.5
0.0206,90.3337,0.5
0.0026,29.0089,0.5
0.0033,31.8566,0.6
0.0039,534.8473,0.6
0.0194,57.9538,0.6
0.7501,235.6119,0.6
0.0056,25.507,0.6
0.0031,25.4491,0.6
0.0028,25.3318,0.6
0.0209,132.0344,0.6
0.0212,42.6528,0.6
0.0156,83.6028,0.6
0.0192,57.8731,0.7
0.0062,79.4496,0.7
0.0037,179.3146,0.7
0.8757,113.0018,0.7
0.0051,27.8025,0.7
0.0153,728.2155,0.7
0.0187,43.9831,0.7
0.005,79.2863,0.7
0.0155,44.0141,0.7
0.0115,319.1608,0.7
0.0134,954.2456,0.8
0.0136,36.7517,0.8
0.0036,945.1966,0.8
0.0051,44.8162,0.8
0.0133,74.7563,0.8
0.0144,36.6858,0.8
0.9182,57.8374,0.8
0.0178,938.3306,0.8
0.0011,44.7277,0.8
0.0093,36.3236,0.8
0.0198,72.0816,0.9
0.0019,127.2174,0.9
0.014,4545.1385,0.9
0.0174,54.6434,0.9
0.0173,90.566,0.9
0.0182,44.0532,0.9
0.6563,178.0077,0.9
0.0159,1123.6065,0.9
0.0128,4500.5636,0.9
0.0167,54.3386,0.9
