0.1006,0.8177,0.1
0.1412,0.3415,0.1
0.1221,0.2061,0.1
0.8543,0.0487,0.1
0.4607,0.0487,0.1
0.0001,0.3358,0.1
0.5048,0.0398,0.1
0.0001,2.7025,0.1
0.1155,0.0497,0.1
0.1182,0.066,0.1
0.1651,0.1719,0.2
0.2057,0.7063,0.2
0.1918,0.2107,0.2
0.1824,0.4835,0.2
0.2673,0.2567,0.2
0.0005,2.7306,0.2
0.0001,1.2234,0.2
0.318,10.7918,0.2
1.093,0.1468,0.2
0.3148,0.1464,0.2
0.1009,1.5681,0.3
0.2428,0.4179,0.3
0.5086,0.2887,0.3
0.0512,1.5512,0.3
0.1396,24.5908,0.3
0.0001,0.2991,0.3
0.0002,2.7213,0.3
0.2027,0.2881,0.3
0.2323,24.4281,0.3
0.174,0.2834,0.3
0.1174,4.8374,0.4
0.1054,4.7959,0.4
0.0008,0.7105,0.4
0.0001,1.7604,0.4
0.0914,0.5775,0.4
0.0001,4.8238,0.4
0.2031,10.7515,0.4
0.1572,1.2342,0.4
0.0001,43.6351,0.4
0.2079,43.3547,0.4
0.21,4.223,0.5
0.2266,1.895,0.5
0.1392,67.9159,0.5
0.1423,68.0265,0.5
0.1526,4.2379,0.5
0.2661,2.7118,0.5
0.2769,1.899,0.5
0.4832,1.0793,0.5
0.1605,16.8557,0.5
0.0003,68.0968,0.5
0.527,10.7635,0.6
0.1389,98.8141,0.6
0.2867,24.1421,0.6
0.0001,2.0041,0.6
0.1588,98.3968,0.6
0.2708,0.9989,0.6
0.4653,10.7261,0.6
0.2126,1.2231,0.6
0.0901,6.0224,0.6
0.1097,1.2329,0.6
0.1066,3.6991,0.7
0.2557,1.3545,0.7
0.0847,14.6169,0.7
0.1641,8.2284,0.7
0.0981,2.7082,0.7
0.0,2.0944,0.7
0.1746,2.7286,0.7
0.2106,5.2734,0.7
0.2486,1.3473,0.7
0.1708,32.9468,0.7
0.1522,1.7483,0.8
0.1066,2.1753,0.8
0.5881,1.7569,0.8
0.5735,43.6217,0.8
0.1476,1.7557,0.8
0.1163,2.1616,0.8
0.2149,1.7567,0.8
0.3803,2.712,0.8
0.0003,10.7483,0.8
0.2265,176.1413,0.8
0.0004,4.4977,0.9
0.1125,2.2223,0.9
0.5463,13.7339,0.9
0.1381,4.4635,0.9
0.0017,221.7373,0.9
0.102,3.4533,0.9
0.3671,3.4234,0.9
0.2615,221.0925,0.9
0.2284,2.2123,0.9
0.0001,221.3276,0.9
